name: smored
channels:
  - conda-forge
  - bioconda
  - defaults
dependencies:
  - _libgcc_mutex=0.1=conda_forge
  - _openmp_mutex=4.5=0_gnu
  - blast=2.9.0=pl526h3066fca_4
  - bzip2=1.0.8=h516909a_2
  - ca-certificates=2019.11.28=hecc5488_0
  - certifi=2019.11.28=py38_0
  - curl=7.65.3=hf8cf82a_0
  - entrez-direct=13.3=pl526h375a9b1_0
  - et_xmlfile=1.0.1=py_1001
  - expat=2.2.9=he1b5a44_2
  - icu=64.2=he1b5a44_1
  - jdcal=1.4.1=py_0
  - krb5=1.16.4=h2fd8d38_0
  - ld_impl_linux-64=2.33.1=h53a641e_8
  - libcurl=7.65.3=hda55be3_0
  - libedit=3.1.20170329=hf8c457e_1001
  - libffi=3.2.1=he1b5a44_1006
  - libgcc-ng=9.2.0=h24d8f2e_2
  - libgomp=9.2.0=h24d8f2e_2
  - libiconv=1.15=h516909a_1005
  - libssh2=1.8.2=h22169c7_2
  - libstdcxx-ng=9.2.0=hdf63c60_2
  - libxml2=2.9.10=hee79883_0
  - libxslt=1.1.33=h31b3aaa_0
  - lxml=4.5.0=py38h7ec2d77_0
  - ncurses=6.1=hf484d3e_1002
  - openpyxl=3.0.3=py_0
  - openssl=1.1.1d=h516909a_0
  - pathlib=1.0.1=py38_1
  - pcre=8.43=he1b5a44_0
  - perl=5.26.2=h516909a_1006
  - perl-app-cpanminus=1.7044=pl526_1
  - perl-archive-tar=2.32=pl526_0
  - perl-base=2.23=pl526_1
  - perl-business-isbn=3.004=pl526_0
  - perl-business-isbn-data=20140910.003=pl526_0
  - perl-carp=1.38=pl526_3
  - perl-common-sense=3.74=pl526_2
  - perl-compress-raw-bzip2=2.087=pl526he1b5a44_0
  - perl-compress-raw-zlib=2.087=pl526hc9558a2_0
  - perl-constant=1.33=pl526_1
  - perl-data-dumper=2.173=pl526_0
  - perl-digest-hmac=1.03=pl526_3
  - perl-digest-md5=2.55=pl526_0
  - perl-encode=2.88=pl526_1
  - perl-encode-locale=1.05=pl526_6
  - perl-exporter=5.72=pl526_1
  - perl-exporter-tiny=1.002001=pl526_0
  - perl-extutils-makemaker=7.36=pl526_1
  - perl-file-listing=6.04=pl526_1
  - perl-file-path=2.16=pl526_0
  - perl-file-temp=0.2304=pl526_2
  - perl-html-parser=3.72=pl526h6bb024c_5
  - perl-html-tagset=3.20=pl526_3
  - perl-html-tree=5.07=pl526_1
  - perl-http-cookies=6.04=pl526_0
  - perl-http-daemon=6.01=pl526_1
  - perl-http-date=6.02=pl526_3
  - perl-http-message=6.18=pl526_0
  - perl-http-negotiate=6.01=pl526_3
  - perl-io-compress=2.087=pl526he1b5a44_0
  - perl-io-html=1.001=pl526_2
  - perl-io-socket-ssl=2.066=pl526_0
  - perl-io-zlib=1.10=pl526_2
  - perl-json=4.02=pl526_0
  - perl-json-xs=2.34=pl526h6bb024c_3
  - perl-libwww-perl=6.39=pl526_0
  - perl-list-moreutils=0.428=pl526_1
  - perl-list-moreutils-xs=0.428=pl526_0
  - perl-lwp-mediatypes=6.04=pl526_0
  - perl-lwp-protocol-https=6.07=pl526_4
  - perl-mime-base64=3.15=pl526_1
  - perl-mozilla-ca=20180117=pl526_1
  - perl-net-http=6.19=pl526_0
  - perl-net-ssleay=1.88=pl526h90d6eec_0
  - perl-ntlm=1.09=pl526_4
  - perl-parent=0.236=pl526_1
  - perl-pathtools=3.75=pl526h14c3975_1
  - perl-scalar-list-utils=1.52=pl526h516909a_0
  - perl-socket=2.027=pl526_1
  - perl-storable=3.15=pl526h14c3975_0
  - perl-test-requiresinternet=0.05=pl526_0
  - perl-time-local=1.28=pl526_1
  - perl-try-tiny=0.30=pl526_1
  - perl-types-serialiser=1.0=pl526_2
  - perl-uri=1.76=pl526_0
  - perl-www-robotrules=6.02=pl526_3
  - perl-xml-namespacesupport=1.12=pl526_0
  - perl-xml-parser=2.44_01=pl526ha1d75be_1002
  - perl-xml-sax=1.02=pl526_0
  - perl-xml-sax-base=1.09=pl526_0
  - perl-xml-sax-expat=0.51=pl526_3
  - perl-xml-simple=2.25=pl526_1
  - perl-xsloader=0.24=pl526_0
  - pip=20.0.2=py38_1
  - python=3.8.1=h357f687_2
  - readline=8.0=hf8c457e_0
  - setuptools=45.1.0=py38_0
  - sqlite=3.30.1=hcee41ef_0
  - taxonkit=0.5.0=0
  - tk=8.6.10=hed695b0_0
  - vsearch=2.13.4=h76f5088_4
  - wheel=0.34.2=py38_0
  - xz=5.2.4=h14c3975_1001
  - zlib=1.2.11=h516909a_1006
  - pip:
    - git+https://github.com/appliedbinf/URDO-SMOREd

